<?xml version="1.0"?>
<opencv_storage>
<calibration_Time>"11/12/13 12:41:36"</calibration_Time>
<nrOfFrames>36</nrOfFrames>
<image_Width>640</image_Width>
<image_Height>480</image_Height>
<board_Width>7</board_Width>
<board_Height>5</board_Height>
<square_Size>3.3700000762939453e+001</square_Size>
<FixAspectRatio>1.</FixAspectRatio>
<!-- flags:  +fix_aspectRatio +fix_principal_point +zero_tangent_dist -->
<flagValue>14</flagValue>
<Camera_Matrix type_id="opencv-matrix">
  <rows>3</rows>
  <cols>3</cols>
  <dt>d</dt>
  <data>
    6.9024736739265302e+002 0. 3.1950000000000000e+002 0.
    6.9024736739265302e+002 2.3950000000000000e+002 0. 0. 1.</data></Camera_Matrix>
<Distortion_Coefficients type_id="opencv-matrix">
  <rows>5</rows>
  <cols>1</cols>
  <dt>d</dt>
  <data>
    -1.0865971721764903e-002 3.2550501632189499e-001 0. 0.
    -3.1981562635241363e+000</data></Distortion_Coefficients>
<Avg_Reprojection_Error>5.9784235096450555e-001</Avg_Reprojection_Error>
<Per_View_Reprojection_Errors type_id="opencv-matrix">
  <rows>36</rows>
  <cols>1</cols>
  <dt>f</dt>
  <data>
    2.21986502e-001 4.71051753e-001 2.51655847e-001 7.44088829e-001
    2.90253848e-001 4.11031276e-001 8.56428921e-001 7.25067735e-001
    7.56574750e-001 9.92125690e-001 3.62794667e-001 5.34361303e-001
    5.90947390e-001 8.11566710e-001 4.73648369e-001 5.56186140e-001
    7.11158335e-001 6.65224075e-001 2.99659878e-001 2.47209534e-001
    4.68968660e-001 4.71312374e-001 4.22431797e-001 6.94277704e-001
    6.13997757e-001 8.93807232e-001 5.66646934e-001 3.61582696e-001
    3.65478814e-001 7.25857437e-001 6.74147487e-001 4.40181375e-001
    5.33548355e-001 6.06753945e-001 9.28382337e-001 5.46031356e-001</data></Per_View_Reprojection_Errors>
<!-- a set of 6-tuples (rotation vector + translation vector) for each view -->
<Extrinsic_Parameters type_id="opencv-matrix">
  <rows>36</rows>
  <cols>6</cols>
  <dt>d</dt>
  <data>
    -1.1618208697918622e-002 -2.1343438924807501e-002
    -6.2901614336017255e-003 -7.8135243748400228e+001
    -5.0965717410353477e+001 4.1642765763036289e+002
    1.2113653986371794e-002 -2.4739003922172625e-001
    -5.8319125048461998e-002 -5.9873973858731837e+001
    -5.2525669310006592e+001 4.1939438166838556e+002
    -2.5713878198161316e-002 6.0322636679673844e-002
    2.7451709549614286e-002 -5.5277791413903564e+001
    -7.6922105941898820e+001 5.0426659445068748e+002
    5.0809679681498320e-002 2.5868939771955762e-001
    4.1641326810847201e-002 -9.1421787740219102e+001
    -6.9723194891568070e+001 4.5341971509151534e+002
    2.9505520982414938e-002 -3.5884957779398076e-002
    3.5550039397890102e-003 -5.4621295973811343e+001
    -6.0275776025442241e+001 4.0421366366221702e+002
    3.7289683947552298e-002 5.7620361034536854e-002
    3.6007500075002870e-002 -8.6541910975631183e+001
    -7.6071545473548653e+001 3.8500005952400238e+002
    2.9524230629608358e-003 2.8068840003929441e-001
    -4.6056064126301005e-002 -9.2767953890207551e+001
    -6.0260926938336439e+001 4.1059746726844355e+002
    9.4638422406800697e-003 -5.7890732359696351e-001
    -6.0458819721487464e-002 -7.4034565041911861e+001
    -6.6705266964023124e+001 3.4496760049625311e+002
    -6.9074293420013479e-003 -4.1319368663045070e-001
    -4.1923122149224092e-002 -7.9070986950256696e+001
    -7.2115861884523000e+001 3.3241640068079909e+002
    5.9420551496746521e-002 4.6966700909490788e-001
    8.0707648109237751e-002 -9.9817733390779125e+001
    -7.8313219159303259e+001 4.1305127730501505e+002
    6.5369758505003012e-002 1.0746031697978609e-002
    -2.4650584548001273e-001 -1.1227300513283146e+002
    -2.8491038989080540e+001 4.0885621658855729e+002
    -4.1936292228446292e-001 -3.0373756162787144e-003
    -1.1496660625067051e-001 -1.3077597224608903e+002
    -3.3917607209925158e+001 4.2592794433562318e+002
    -3.4716539475727025e-002 1.1618021993471421e+000
    2.8172351275427827e+000 9.5839693531601725e+001
    3.3743269778852031e+001 3.2868941860685248e+002
    3.3362794963965609e-001 -2.2144446442208414e-002
    2.4752073560701755e-002 -1.1065917567028151e+002
    -6.7158346609285303e+001 3.9339480668676833e+002
    -1.2025484420532469e-002 -2.6288955189050506e-001
    4.7268563159429494e-001 -4.9933785572864437e+001
    -8.9267565022481804e+001 4.3759995754094479e+002
    -6.2502621660691859e-001 -3.8363316394000660e-002
    -9.8483355922301830e-003 -9.6548168359589141e+001
    -6.2493311833190297e+001 4.0459942208966629e+002
    3.8383135985228001e-001 -5.2979692069861195e-002
    1.4185157728125153e-002 -9.5781964877429800e+001
    -3.9342905671460649e+001 3.9792656021148105e+002
    -5.0470807765007153e-001 1.1327895951788992e-001
    -6.3386722578573614e-003 -1.0520021743056209e+002
    -5.1422903359816452e+001 4.3388299370931105e+002
    4.0911675837606118e-002 5.5187854143195950e-002
    -2.1382685430110854e-001 -8.7207558069886730e+001
    -2.4619948933640540e+001 4.2413870589516569e+002
    -7.8974763814793014e-002 -3.0662979814023408e-002
    -9.9692954675776810e-003 -9.9688280676374987e+001
    -4.2773643274326147e+001 4.1846752919642734e+002
    -1.1936925789374002e-001 1.5276597372343831e-001
    1.5473218903359482e+000 1.2681198058415991e+002
    -9.6551796299435296e+001 4.9506635991570784e+002
    -1.1378928269311947e-001 1.0588613880052028e-001
    1.5142736760326236e+000 8.9386004039991903e+001
    -1.0406077718791616e+002 4.5901137142672803e+002
    8.9589729461704390e-002 9.7937792879178323e-002
    1.4895709492770473e+000 1.0829255427502855e+002
    -1.0445131816832073e+002 4.4300510845488765e+002
    -3.5174426926949270e-001 3.2615060626699532e-001
    1.2143655291217871e-001 -1.0567316061601655e+002
    -8.2725994989567411e+001 4.3850103306715692e+002
    9.5077644178267230e-003 -2.6192177355765861e-001
    -8.3634380702671776e-002 -7.5878723508934044e+001
    -6.4619824681253732e+001 3.3580803788294844e+002
    2.8853822794802204e-002 4.0149594971221997e-001
    -4.1047805303853407e-002 -8.5448930954903275e+001
    -6.2313679101251765e+001 4.4108206046510799e+002
    -2.2379515538873143e-002 -2.9212267526307112e-001
    1.1210901338766593e-001 -6.9514020990839057e+001
    -9.1991523601185293e+001 3.8374754962995473e+002
    -3.8028075385041583e-002 9.8706319670009313e-002
    5.6338651068494373e-003 -7.3358107583669295e+001
    -8.4465856632255807e+001 4.3095750502079181e+002
    3.2129054462337943e-002 -1.0402925350521990e-001
    -1.0737868828191348e-001 -9.6069358159126580e+001
    -6.5386160243127051e+001 3.7272419882884685e+002
    -2.7992004925526326e-001 2.9775732919258568e-001
    -2.7624652051646665e-003 -1.1223443400355906e+002
    -5.7268728237436790e+001 4.4334870791273653e+002
    1.8118358859280197e-002 1.9744008046309708e-001
    -7.9343229248061524e-003 -1.0475950448575767e+002
    -8.1547557392813189e+001 3.9957781691948679e+002
    7.3064072501099406e-002 -1.3291072164304088e-001
    -4.0218776071984444e-002 -1.0081396030588941e+002
    -7.1446327334379575e+001 4.2292099251433791e+002
    7.1551345580071757e-002 6.9850432280105471e-002
    -5.4560135929993772e-002 -1.1534232464959642e+002
    -7.1680131054102660e+001 3.6708689679025417e+002
    8.8478131837960730e-002 -1.2739182626779547e-001
    -5.5499000996880113e-002 -1.0741340047661859e+002
    -6.2360100337146342e+001 3.3399824039504387e+002
    -2.4255382681705948e-002 3.2936456624395527e-001
    9.3319579191868798e-002 -8.4173317369035601e+001
    -7.5352517413181033e+001 3.9765125784570932e+002
    -2.4997442373267673e-001 -8.8127099137878681e-002
    -9.4840390221482676e-002 -9.6538675359692633e+001
    -5.5404286842404773e+001 3.7363226591298081e+002</data></Extrinsic_Parameters>
