<?xml version="1.0"?>
<opencv_storage>
<calibration_Time>"10/18/13 03:37:25"</calibration_Time>
<nrOfFrames>37</nrOfFrames>
<image_Width>640</image_Width>
<image_Height>480</image_Height>
<board_Width>7</board_Width>
<board_Height>5</board_Height>
<square_Size>34.</square_Size>
<FixAspectRatio>1.</FixAspectRatio>
<!-- flags:  +fix_aspectRatio +fix_principal_point +zero_tangent_dist -->
<flagValue>14</flagValue>
<Camera_Matrix type_id="opencv-matrix">
  <rows>3</rows>
  <cols>3</cols>
  <dt>d</dt>
  <data>
    6.7984396886643185e+002 0. 3.1950000000000000e+002 0.
    6.7984396886643185e+002 2.3950000000000000e+002 0. 0. 1.</data></Camera_Matrix>
<Distortion_Coefficients type_id="opencv-matrix">
  <rows>5</rows>
  <cols>1</cols>
  <dt>d</dt>
  <data>
    4.0786257571173462e-002 -5.1572507814222757e-001 0. 0.
    9.0944926314001162e-001</data></Distortion_Coefficients>
<Avg_Reprojection_Error>6.1532889217948050e-001</Avg_Reprojection_Error>
<Per_View_Reprojection_Errors type_id="opencv-matrix">
  <rows>37</rows>
  <cols>1</cols>
  <dt>f</dt>
  <data>
    2.21996322e-001 4.85870719e-001 2.46669248e-001 7.20320582e-001
    2.71201313e-001 4.06170100e-001 8.34434748e-001 7.19697833e-001
    7.60208189e-001 9.31362748e-001 3.62363517e-001 6.29825354e-001
    6.82957768e-001 7.63224304e-001 4.84520614e-001 1.99616089e-001
    6.67256057e-001 7.18559146e-001 3.02232981e-001 2.53834724e-001
    4.84007478e-001 4.87328678e-001 4.16019797e-001 7.08876014e-001
    7.16437638e-001 8.49685431e-001 7.14637756e-001 3.57320487e-001
    7.27616310e-001 3.67557496e-001 6.42089844e-001 9.51102018e-001
    7.30969608e-001 4.43639576e-001 5.67727029e-001 9.04651523e-001
    6.34853125e-001</data></Per_View_Reprojection_Errors>
<!-- a set of 6-tuples (rotation vector + translation vector) for each view -->
<Extrinsic_Parameters type_id="opencv-matrix">
  <rows>37</rows>
  <cols>6</cols>
  <dt>d</dt>
  <data>
    -1.0996053695950600e-002 -2.1052967417365231e-002
    -6.2898378120925620e-003 -7.8830231168647700e+001
    -5.1417928393487522e+001 4.1413473355609290e+002
    1.2175585449475024e-002 -2.4525314956883842e-001
    -5.8310364494233567e-002 -6.0434702956884131e+001
    -5.2991839461948864e+001 4.1706890295958175e+002
    -2.5370309986703438e-002 5.9381984073588273e-002
    2.7441445485405360e-002 -5.5778030981969195e+001
    -7.7608263653790800e+001 5.0150284404262089e+002
    5.0870398204281853e-002 2.5693081186959449e-001
    4.1650756380102065e-002 -9.2295467561139972e+001
    -7.0337446534542465e+001 4.5124564941465366e+002
    2.9798943279628599e-002 -3.8032610557658136e-002
    3.5682160289243112e-003 -5.5081786720377949e+001
    -6.0807248082236079e+001 4.0175335404746420e+002
    3.6714435222188847e-002 5.6713405362895687e-002
    3.6017837547260310e-002 -8.7313432747822247e+001
    -7.6747712845082717e+001 3.8292308731980177e+002
    3.3267048192957053e-003 2.7840600520358882e-001
    -4.6093589981088992e-002 -9.3680755033794014e+001
    -6.0793848993644445e+001 4.0871886260256997e+002
    2.8781917981031930e-002 1.6728076160103234e-001
    1.1967750599108427e-002 -8.9614734692466783e+001
    -8.1572790052761320e+001 3.5876862111385913e+002
    9.7411478594540968e-003 -5.7718346537925769e-001
    -6.0515414221628691e-002 -7.4718560149847377e+001
    -6.7289409494436612e+001 3.4276381627623721e+002
    5.9636872694578617e-002 4.6758900702428785e-001
    8.0764165447910777e-002 -1.0085550474263640e+002
    -7.9015583530692197e+001 4.1146653751743446e+002
    6.4615300377736759e-002 1.0635656823460009e-002
    -2.4650471191759091e-001 -1.1327283996716987e+002
    -2.8746069250573044e+001 4.0662907282691782e+002
    -4.1730848489028433e-001 -3.4933954294963641e-003
    -1.1505514755070326e-001 -1.3195356236387840e+002
    -3.4292414441412873e+001 4.2403732130567693e+002
    -3.5361256313644195e-002 1.1602017450145952e+000
    2.8177052102435742e+000 9.6717922322230777e+001
    3.4044061113882130e+001 3.2663981509829216e+002
    3.3234368788060648e-001 -2.2207590418206861e-002
    2.4781623249916829e-002 -1.1164096254092313e+002
    -6.7769527205874923e+001 3.9105836688289588e+002
    -1.2076279920058402e-002 -2.6094747204958196e-001
    4.7280067856656460e-001 -5.0391121005468669e+001
    -9.0066250283925939e+001 4.3524703867715300e+002
    1.5666716348753662e-002 -3.1355324950814417e-002
    4.4166191297331625e-001 -2.4399459660472029e+001
    -9.4321809616351970e+001 4.3250657591263274e+002
    3.8233276289301904e-001 -5.2640595627269228e-002
    1.4154546143531427e-002 -9.6639937122595597e+001
    -3.9715234995935795e+001 3.9552984613230331e+002
    -5.0355610658030248e-001 1.1290055893662959e-001
    -6.4329259795444030e-003 -1.0617238774043349e+002
    -5.1955908141323043e+001 4.3219107644600206e+002
    4.1025782702345845e-002 5.4075790837162151e-002
    -2.1382297531524802e-001 -8.7985393097836592e+001
    -2.4834794737678290e+001 4.2177657347625546e+002
    -7.7784117526623370e-002 -3.0204954190369036e-002
    -9.9579578050221010e-003 -1.0057405173714956e+002
    -4.3157655071145079e+001 4.1620249311111809e+002
    -1.1689465826165796e-001 1.5125572440293736e-001
    1.5474309590654691e+000 1.2795868978886367e+002
    -9.7457668990567413e+001 4.9247548689117951e+002
    -1.1209147277684810e-001 1.0482641631490786e-001
    1.5143361725378626e+000 9.0186237071171021e+001
    -1.0501763837586286e+002 4.5659471822782427e+002
    8.8656508803541964e-002 9.6296606415071234e-002
    1.4896142196255149e+000 1.0926866412088363e+002
    -1.0537707732138340e+002 4.4059246097294204e+002
    -3.5071246042730508e-001 3.2463076129560720e-001
    1.2129493269371985e-001 -1.0674358936946379e+002
    -8.3549934402333321e+001 4.3688899278624314e+002
    2.4152813538930371e-002 1.8079534426602581e-001
    -3.0236962264418313e-002 -9.3798529965339725e+001
    -7.4492639121923375e+001 3.8163259711519026e+002
    2.8992418221482966e-002 3.9966899680461637e-001
    -4.1072409991931728e-002 -8.6317216446159492e+001
    -6.2860429256663053e+001 4.3933422224646915e+002
    -1.2445576177999561e-002 5.0810540411176019e-001
    -1.4173818708771505e-001 -1.0405818343149680e+002
    -4.5802891277923145e+001 4.9689061993878266e+002
    -3.7874283315227283e-002 9.7035280590935052e-002
    5.6167064499356347e-003 -7.4026852824428374e+001
    -8.5222414897918441e+001 4.2867561694630035e+002
    -2.9237313997782077e-001 4.8957635484656803e-001
    3.5136677513418001e-002 -6.8362191173942406e+001
    -7.3789028760623168e+001 4.8043305605666438e+002
    3.1789645489003635e-002 -1.0261116322943437e-001
    -1.0740009004176292e-001 -9.6941565217954263e+001
    -6.5969860304777811e+001 3.7071728128846860e+002
    -3.9541045965304561e-001 5.4119686643977050e-001
    5.9497990594910309e-002 -7.3427059447402740e+001
    -8.4562322776051900e+001 4.9815077505571315e+002
    7.1466575379588948e-002 -4.7708415955683664e-001
    2.3929665318409177e-002 -9.1370037692276242e+001
    -6.2185733774512528e+001 3.0555060174090954e+002
    -2.7911101508658775e-001 2.9613215543359983e-001
    -2.9436088895430442e-003 -1.1335300722232354e+002
    -5.7826263480285064e+001 4.4159362430330310e+002
    7.2651388864974686e-002 -1.3132950449182640e-001
    -4.0253423751279452e-002 -1.0173742615583332e+002
    -7.2086883611860003e+001 4.2061769225383568e+002
    -1.8929408523894006e-001 3.0174224741790566e-002
    -4.0580789538141732e-002 -1.1171111401261602e+002
    -6.9320033123879995e+001 3.5683519983799073e+002
    -2.3677213680419727e-002 3.2681395750627346e-001
    9.3300808152418840e-002 -8.5038801270628468e+001
    -7.6038713932006516e+001 3.9595755296274956e+002
    3.7159507432323005e-002 -1.6444239913161146e-001
    9.6590435999496863e-003 -7.6893952245934543e+001
    -7.9083829494716838e+001 3.1793784271946976e+002</data></Extrinsic_Parameters>
