<?xml version="1.0"?>
<opencv_storage>
<Q type_id="opencv-matrix">
  <rows>4</rows>
  <cols>4</cols>
  <dt>d</dt>
  <data>
    1. 0. 0. -3.3267350769042969e+02 0. 1. 0. -2.5235587310791016e+02 0.
    0. 0. 5.1738809929907916e+02 0. 0. 1.9782210221933438e-01
    -3.5742287701821640e+00</data></Q>
</opencv_storage>
